00001740 00002573 00002325
00002325 00002573 00001740
00002573 00001740 00002325
00010435 01721556 01719302 01722077 01719921 01716619 01716882 02744977 00013615
00012267 02355596 02289295 02291258 02291548
00013615 01719302 01722077 01719921 01716619 01716882 02744977 01721556 00010435
00024047 00098083 00024279
00024279 00098083 00024047
00043683 00046534 00047945 00044797 00044149 00051761
00044149 00051761 00046534 00047945 00043683 00044797
00044797 00046534 00047945 00043683 00051761 00044149
00046534 00044797 00044149 00051761 00043683 00047945
00047945 00044797 00044149 00051761 00043683 00046534
00051761 00044149 00044797 00046534 00047945 00043683
00052845 01308681 00506952
00056930 00059376 00059019
00059019 00059376 00056930
00059376 00059019 00056930
00060185 00063095 01430447
00063095 00060185 01430447
00072012 00072586 00074038
00072586 00072012 00074038
00074038 00072586 00072012
00088339 01323793 01323338
00094460 00925873 00402130 01627947 00171852 00603298 00602805 02387034 02553697 00411020 00253761 00545557
00098083 00024047 00024279
00107739 00108303 00107943
00107943 00108303 00107739
00108303 00107943 00107739
00117624 00186001 00117757
00117757 00186001 00117624
00118764 00729109 02455407
00125078 00435853 00435688
00125841 00146138 02626604 02626934
00136991 02635659 02729414 02730135
00143338 00430808 00327982
00146138 00125841 02626934 02626604
00161225 00550117 00169458
00162688 02405390 01308381
00169458 00161225 00550117
00171852 00411020 00253761 01627947 00545557 00094460 00925873 00402130 00603298 00602805 02387034 02553697
00181664 00195617 00195342
00186001 00117624 00117757
00195342 00195617 00181664
00195617 00195342 00181664
00214020 00214407 00214268
00214268 00214407 00214020
00214407 00214020 00214268
00226882 00253277 00252990
00229026 00475183 00229280
00229280 00475183 00229026
00235110 00318326 00317888
00238867 00239614 00239321
00239321 00239614 00238867
00239614 00238867 00239321
00245913 01096305 02393894
00251791 02737187 02743214
00252019 00339464 00342980 02624263
00252990 00253277 00226882
00253277 00252990 00226882
00253761 01627947 00545557 00094460 00925873 00402130 00171852 00603298 00602805 02387034 02553697 00411020
00258665 00434374 00358431 02109818
00262348 01569896 02361329
00276068 01755504 01664172
00317888 00318326 00235110
00318326 00235110 00317888
00327982 00143338 00430808
00336260 00336718 00336539
00336539 00336718 00336260
00336718 00336260 00336539
00339464 00342980 02624263 00252019
00342980 00252019 00339464 02624263
00348746 02609203 02608347 02608823 02679227 02600948
00351406 02346895 02542280
00355177 00355524 00355365
00355365 00355524 00355177
00355524 00355365 00355177
00358431 00434374 00258665 02109818
00360092 02081578 02296153 02235842 02229055
00364868 00366547 00366275 00365446
00365446 00366547 00366275 00364868
00366275 00364868 00365446 00366547
00366547 00364868 00365446 00366275
00377002 00378042 00378361 00378664
00378042 00378664 00377002 00378361
00378361 00378664 00377002 00378042
00378664 00378042 00378361 00377002
00402130 00545557 00094460 01627947 00171852 00603298 00602805 02387034 02553697 00411020 00253761 00925873
00411020 00253761 01627947 00545557 00094460 00925873 00402130 00171852 00603298 00602805 02387034 02553697
00430808 00143338 00327982
00432839 01977701 01976841 01985923
00434374 00258665 00358431 02109818
00435688 00435853 00125078
00435853 00125078 00435688
00460357 01328012 01327816
00475183 00229026 00229280
00506952 00052845 01308681
00517529 02563327 01717436 01717169
00542809 01364184 01679433
00543016 02108654 02109645
00545557 00925873 00402130 01627947 00171852 00603298 00602805 02387034 02553697 00411020 00253761 00094460
00550117 00161225 00169458
00557686 01535742 01270199 01535246 02742842 01536344
00571596 01995211 01854132 02311387 02742107 01351170
00589904 02359340 00639849 01738107
00591115 02129709 01636008 01635432
00598954 02128873 02197781
00602805 02387034 02553697 00171852 00411020 00253761 01627947 00545557 00094460 00925873 00402130 00603298
00603298 02387034 02553697 00171852 00411020 00253761 01627947 00545557 00094460 00925873 00402130 00602805
00613393 01848465 01989562 01989053
00619610 01657254 00620673
00620239 00627091 00624476
00620673 01657254 00619610
00624476 00627091 00620239
00625119 02730813 00626428
00626428 02730813 00625119
00627091 00624476 00620239
00639849 00589904 01738107 02359340
00651145 02514187 01033527 02629793
00661824 00662589 00920336 00918872 01637982 00721437 02154508 00663353 02520997 00662182
00662182 00662589 00920336 00918872 01637982 00721437 02154508 00663353 02520997 00661824
00662589 00662182 00661824 00663353 02520997 00918872 01637982 00721437 02154508 00920336
00663353 02520997 00662589 00920336 00918872 01637982 00721437 02154508 00662182 00661824
00669970 00786458 01112584
00691516 01028748 02601456 01067995 00971015
00698104 00698256 00730758
00698256 00698104 00730758
00721437 00918872 00920336 00662589 00662182 00661824 00663353 02520997 02154508 01637982
00728224 02105810 02139740
00729109 00118764 02455407
00730758 00698256 00698104
00732224 00887463 00888009 02343595
00738747 00912048 00975584 00913065
00748616 01069638 01060746 02309165 02309374
00753881 00792471 02429810
00758627 00759087 00758887
00758887 00759087 00758627
00759087 00758627 00758887
00784342 00897746 00784727
00784727 00897746 00784342
00786458 00669970 01112584
00792471 00753881 02429810
00796976 02502916 02237338
00820352 00820611 00820976
00820611 00820352 00820976
00820976 00820352 00820611
00887463 02343595 00732224 00888009
00888009 02343595 00732224 00887463
00891216 02672859 02395000
00897746 00784342 00784727
00912048 00913065 00738747 00975584
00913065 00912048 00975584 00738747
00918872 01637982 00721437 02154508 00920336 00662589 00662182 00661824 00663353 02520997
00920336 00918872 01637982 00721437 02154508 00662182 00661824 00663353 02520997 00662589
00925873 00545557 00094460 01627947 00171852 00603298 00602805 02387034 02553697 00411020 00253761 00402130
00971015 01028748 02601456 01067995 00691516
00975584 00913065 00738747 00912048
00993014 01031966 01007027
01007027 01031966 00993014
01028748 02601456 01067995 00971015 00691516
01031966 01007027 00993014
01033527 02629793 00651145 02514187
01060746 01069638 00748616 02309374 02309165
01061017 02079933 02741357
01061320 01449974 01241881
01067995 00971015 00691516 01028748 02601456
01069638 01060746 00748616 02309374 02309165
01071328 01071632 01071474
01071474 01071632 01071328
01071632 01071474 01071328
01072949 01079873 01149470 01080064 01080691 01079480
01079480 01079873 01149470 01080064 01080691 01072949
01079873 01149470 01080064 01080691 01079480 01072949
01080064 01080691 01079480 01072949 01079873 01149470
01080691 01079480 01072949 01079873 01149470 01080064
01084588 01084866 01084724
01084724 01084866 01084588
01084866 01084588 01084724
01096305 02393894 00245913
01100672 01101571 02586121 01101416
01101416 02586121 01101571 01100672
01101571 01100672 01101416 02586121
01110661 02505807 02373578
01112584 00786458 00669970
01123887 01209135 01137138 01134781 02484570
01134781 02484570 01123887 01209135 01137138
01137138 02484570 01123887 01209135 01134781
01138911 01156115 01155687
01143838 01144657 02092309
01144657 01143838 02092309
01149470 01080691 01079873 01079480 01072949 01080064
01155687 01138911 01156115
01156115 01138911 01155687
01162754 02116980 01817574
01166351 01179865 01168468
01168468 01179865 01166351
01179865 01168468 01166351
01204439 01576478 01576165
01207951 01332730 01336635
01209135 01123887 01137138 01134781 02484570
01209678 01210352 01210152 02127613
01210152 02127613 01209678 01210352
01210352 01210152 02127613 01209678
01212230 02686625 02727039 02685951 01359432
01218084 02556537 02682954
01220885 01614581 01614426 01614235 01356750
01232387 01365131 01391538
01233387 01360899 01313249
01235355 02751271 01741446
01240720 01870043 01869563
01241881 01061320 01449974
01270199 01536344 00557686 01535742 01535246 02742842
01308381 00162688 02405390
01308681 00052845 00506952
01313249 01360899 01233387
01323338 00088339 01323793
01323793 00088339 01323338
01323958 01325774 01325536
01325536 01325774 01323958
01325774 01325536 01323958
01327816 00460357 01328012
01328012 00460357 01327816
01332730 01207951 01336635
01336635 01207951 01332730
01349130 01350971 01350699
01350699 01350971 01349130
01350971 01350699 01349130
01351170 00571596 01995211 01854132 02311387 02742107
01356750 01614581 01614426 01614235 01220885
01359432 02686625 02727039 02685951 01212230
01360899 01313249 01233387
01364184 01679433 00542809
01365131 01232387 01391538
01391538 01365131 01232387
01406356 01406684 01406512
01406512 01406684 01406356
01406684 01406356 01406512
01407722 01509584 01506157 01407904
01407904 01509584 01506157 01407722
01413173 01413561 01413436
01413436 01413561 01413173
01413561 01413173 01413436
01424948 01609953 01425348
01425348 01609953 01424948
01430447 00063095 00060185
01433294 01434140 02077656
01434140 02077656 01433294
01448100 02103162 01609287
01449974 01061320 01241881
01451842 01941093 01840238 01847845 01940403
01481360 01482075 02741003
01482075 01481360 02741003
01505254 02098458 01506583
01506157 01407904 01407722 01509584
01506583 02098458 01505254
01509584 01407904 01407722 01506157
01514887 01904293 01838651 01902783 01874875 01874568
01516534 01646300 02505358
01525666 02444159 02436963 01526290
01526290 02444159 02436963 01525666
01532434 01532589 02741960 01533442
01532589 02741960 01533442 01532434
01533442 01532589 02741960 01532434
01535246 01270199 01536344 00557686 01535742 02742842
01535742 00557686 01270199 01535246 02742842 01536344
01536344 00557686 01535742 01270199 01535246 02742842
01541579 02069888 01542207
01542207 02069888 01541579
01543123 01543998 01984902
01543998 01543123 01984902
01569896 00262348 02361329
01576165 01576478 01204439
01576478 01576165 01204439
01582645 01643464 01690294
01602318 02743020 02673134
01609287 02103162 01448100
01609953 01424948 01425348
01613732 01854519 02360274
01614235 01614581 01220885 01356750 01614426
01614426 01614235 01614581 01220885 01356750
01614581 01614426 01614235 01220885 01356750
01627947 00545557 00094460 00925873 00402130 00171852 00603298 00602805 02387034 02553697 00411020 00253761
01629000 01647672 01629403
01629403 01647672 01629000
01635432 01636008 02129709 00591115
01636008 01635432 00591115 02129709
01637982 00918872 00920336 00662589 00662182 00661824 00663353 02520997 02154508 00721437
01643464 01582645 01690294
01646300 02505358 01516534
01647672 01629000 01629403
01649999 01771390 01767949 02108791
01657254 00619610 00620673
01664172 00276068 01755504
01679433 01364184 00542809
01690294 01643464 01582645
01716619 01716882 01719302 00013615 00010435 01721556 01722077 02744977 01719921
01716882 01719302 00013615 00010435 01721556 01722077 02744977 01719921 01716619
01717169 02563327 01717436 00517529
01717436 01717169 00517529 02563327
01719302 01722077 01719921 01716619 01716882 02744977 00013615 00010435 01721556
01719921 01716882 01719302 00013615 00010435 01721556 01722077 02744977 01716619
01721556 00010435 00013615 01719302 01722077 01719921 01716619 01716882 02744977
01722077 01719921 01716619 01716882 02744977 01719302 00013615 00010435 01721556
01724459 01725051 01726172
01725051 01724459 01726172
01726172 01724459 01725051
01726879 01880113 01880673 02174830
01738107 02359340 00639849 00589904
01741446 02751271 01235355
01755504 00276068 01664172
01756277 01756563 01756416
01756416 01756563 01756277
01756563 01756416 01756277
01766952 02380009 02380760
01767949 01649999 01771390 02108791
01771390 01649999 01767949 02108791
01817574 01162754 02116980
01838651 01904293 01874568 01514887 01874875 01902783
01840238 01847845 01940403 01451842 01941093
01840736 02095211 02095060
01847676 02102398 01957529 01955984 02742232 01930874 01930482 01930117 02056971 02408281
01847845 01941093 01840238 01451842 01940403
01848465 00613393 01989053 01989562
01854132 02311387 02742107 01351170 00571596 01995211
01854519 02360274 01613732
01861403 01861767 01861622
01861622 01861767 01861403
01861767 01861403 01861622
01869563 01240720 01870043
01870043 01240720 01869563
01871979 01872877 01872645
01872645 01872877 01871979
01872877 01872645 01871979
01874568 01904293 01838651 01902783 01874875 01514887
01874875 01902783 01838651 01904293 01874568 01514887
01880113 01880673 02174830 01726879
01880673 01726879 01880113 02174830
01881180 02102840 01882814 01925694
01882170 01959776 01904930 01912893 01907076 01906823
01882814 02102840 01881180 01925694
01902783 01874875 01904293 01874568 01514887 01838651
01904293 01838651 01902783 01874875 01874568 01514887
01904930 01907076 01906823 01882170 01959776 01912893
01906823 01882170 01959776 01904930 01912893 01907076
01907076 01882170 01959776 01906823 01904930 01912893
01907258 02090435 02089984
01912893 01907076 01906823 01882170 01959776 01904930
01925694 02102840 01882814 01881180
01926984 02421921 02099829
01930117 02056971 01930874 02742232 01955984 01847676 02102398 01957529 02408281 01930482
01930482 02056971 01930874 02742232 01955984 01847676 02102398 01957529 02408281 01930117
01930874 01930482 01930117 02056971 02408281 01955984 01847676 02102398 01957529 02742232
01940403 01941093 01840238 01451842 01847845
01941093 01847845 01940403 01451842 01840238
01955984 01847676 02102398 01957529 02742232 01930874 01930482 01930117 02056971 02408281
01957529 02102398 01955984 02742232 01930874 01930482 01930117 02056971 02408281 01847676
01959776 01904930 01912893 01907076 01906823 01882170
01976841 01985923 00432839 01977701
01977701 01985923 00432839 01976841
01984902 01543998 01543123
01985923 01977701 01976841 00432839
01989053 01989562 01848465 00613393
01989562 01989053 00613393 01848465
01995211 01351170 00571596 02311387 02742107 01854132
01995549 02679899 02684924 02747709
02009433 02383440 02015598
02015598 02383440 02009433
02056971 01930874 02742232 01955984 01847676 02102398 01957529 02408281 01930482 01930117
02069888 01542207 01541579
02077656 01434140 01433294
02079933 01061017 02741357
02081578 00360092 02229055 02296153 02235842
02089984 02090435 01907258
02090435 02089984 01907258
02092309 01144657 01143838
02095060 01840736 02095211
02095211 01840736 02095060
02098458 01505254 01506583
02099829 02421921 01926984
02102398 01957529 01955984 02742232 01930874 01930482 01930117 02056971 02408281 01847676
02102840 01882814 01881180 01925694
02103162 01448100 01609287
02105810 00728224 02139740
02108654 02109645 00543016
02108791 01649999 01771390 01767949
02109645 02108654 00543016
02109818 00434374 00258665 00358431
02113850 02114433 02114056
02114056 02114433 02113850
02114433 02113850 02114056
02116980 01162754 01817574
02127613 01210352 01210152 01209678
02128873 00598954 02197781
02129289 02156225 02150948
02129709 00591115 01635432 01636008
02135727 02178340 02135877
02135877 02178340 02135727
02139740 00728224 02105810
02150948 02156225 02129289
02154508 01637982 00721437 00918872 00920336 00662589 00662182 00661824 00663353 02520997
02156225 02129289 02150948
02174830 01726879 01880113 01880673
02178340 02135727 02135877
02197781 00598954 02128873
02203362 02204692 02630189
02204692 02630189 02203362
02212275 02285629 02247977
02229055 02296153 02235842 02081578 00360092
02229550 02230056 02229828 02358655 02358922
02229828 02358655 02358922 02229550 02230056
02230056 02229550 02358655 02358922 02229828
02235842 02229055 00360092 02081578 02296153
02237338 02502916 00796976
02242464 02244956 02245993 02727883
02244956 02727883 02242464 02245993
02245993 02727883 02242464 02244956
02247977 02212275 02285629
02285629 02212275 02247977
02289295 00012267 02355596 02291548 02291258
02291258 02291548 00012267 02355596 02289295
02291548 02291258 02289295 00012267 02355596
02296153 02229055 00360092 02081578 02235842
02304507 02385153 02620213
02309165 02309374 00748616 01069638 01060746
02309374 02309165 01069638 01060746 00748616
02311387 02742107 01854132 01995211 01351170 00571596
02315525 02315938 02315759
02315759 02315938 02315525
02315938 02315525 02315759
02343595 00887463 00888009 00732224
02346895 02542280 00351406
02355596 00012267 02289295 02291258 02291548
02358655 02358922 02229828 02230056 02229550
02358922 02358655 02229828 02230056 02229550
02359340 00589904 01738107 00639849
02360274 01854519 01613732
02361329 00262348 01569896
02373578 01110661 02505807
02380009 01766952 02380760
02380760 01766952 02380009
02383440 02009433 02015598
02385153 02620213 02304507
02387034 02553697 00171852 00411020 00253761 01627947 00545557 00094460 00925873 00402130 00602805 00603298
02393894 01096305 00245913
02395000 02672859 00891216
02405390 00162688 01308381
02407987 02413480 02594979 02410855
02408281 01930874 02742232 01955984 01847676 02102398 01957529 01930482 01930117 02056971
02410855 02413480 02594979 02407987
02413480 02594979 02410855 02407987
02421921 02099829 01926984
02429810 00753881 00792471
02436963 01525666 01526290 02444159
02444159 01525666 01526290 02436963
02455407 00118764 00729109
02484570 01123887 01209135 01137138 01134781
02502916 00796976 02237338
02505358 01646300 01516534
02505807 01110661 02373578
02514187 00651145 02629793 01033527
02520997 00662589 00920336 00918872 01637982 00721437 02154508 00662182 00661824 00663353
02522319 02523784 02523521
02523521 02523784 02522319
02523784 02523521 02522319
02542280 02346895 00351406
02553697 02387034 00602805 00603298 00171852 00411020 00253761 01627947 00545557 00094460 00925873 00402130
02556537 01218084 02682954
02563327 01717436 01717169 00517529
02586121 01101416 01100672 01101571
02594979 02410855 02407987 02413480
02598483 02665124 02745332
02600948 02608823 02608347 02609203 00348746 02679227
02601456 01028748 00971015 00691516 01067995
02608347 02609203 00348746 02679227 02600948 02608823
02608823 02679227 02600948 02609203 00348746 02608347
02609203 00348746 02608347 02608823 02679227 02600948
02614181 02616713 02618149
02616713 02618149 02614181
02618149 02616713 02614181
02620213 02385153 02304507
02624263 00252019 00339464 00342980
02626604 02626934 00125841 00146138
02626934 02626604 00146138 00125841
02629793 01033527 02514187 00651145
02630189 02204692 02203362
02635659 02729414 02730135 00136991
02657219 02658283 02700104
02658283 02657219 02700104
02665124 02745332 02598483
02672859 00891216 02395000
02673134 02743020 01602318
02679227 02600948 02608823 02608347 02609203 00348746
02679899 01995549 02747709 02684924
02682954 02556537 01218084
02684924 02747709 01995549 02679899
02685951 02727039 02686625 01212230 01359432
02686625 02727039 02685951 01212230 01359432
02700104 02658283 02657219
02700867 02701210 02732798
02701210 02700867 02732798
02712772 02720544 02720354
02720354 02720544 02712772
02720544 02720354 02712772
02727039 02685951 02686625 01212230 01359432
02727883 02244956 02245993 02242464
02729414 02635659 02730135 00136991
02730135 02635659 02729414 00136991
02730813 00625119 00626428
02732798 02700867 02701210
02737187 00251791 02743214
02741003 01481360 01482075
02741357 01061017 02079933
02741960 01532589 01533442 01532434
02742107 01854132 01995211 01351170 00571596 02311387
02742232 01955984 01847676 02102398 01957529 01930482 01930117 02056971 02408281 01930874
02742842 01270199 01536344 00557686 01535742 01535246
02743020 02673134 01602318
02743214 00251791 02737187
02744977 01719921 01716619 01716882 01719302 00013615 00010435 01721556 01722077
02745332 02665124 02598483
02747709 02684924 02679899 01995549
02751271 01235355 01741446
